(seq11:0.03265,((seq39:0.02835,seq22:0.03351):0.03136,((seq37:0.01031,
seq33:0.00258):0.00902,((((seq16:0.02062,(seq21:0.00515,seq14:0.00515,
seq9:0.01289,(seq27:0.00258,seq8:0.00000):0.00515,((seq38:0.00515,
seq32:0.00773,seq24:0.00773,(seq28:0.00515,seq19:0.00000):0.00515,
seq17:0.00773):0.00258,seq7:0.00000):0.00258,seq5:0.00515):0.00515):0.01289,
(seq34:0.00000,seq26:0.02062,(seq23:0.01289,(seq29:0.00773,seq20:0.00258,
(seq30:0.00258,seq18:0.00773,seq12:0.00515):0.00258,((seq15:0.00773,
seq6:0.00000):0.00258,seq4:0.00000):0.00773):0.00515):0.01289):0.00258):0.00258,
(seq3:0.00515,(seq31:0.00258,seq25:0.00258,seq13:0.00515,seq10:0.00000,
seq2:0.00258):0.00258):0.03351):0.00258,(seq35:0.00258,(seq36:0.00000,
seq1:0.00258):0.00515):0.00258):0.03222):0.02878):0.01117,GL:0.06873)[0.3333];
(seq11:0.03265,((seq39:0.02835,seq22:0.03351):0.03136,((seq37:0.01031,
seq33:0.00258):0.00902,((((seq16:0.02191,(seq21:0.00515,seq14:0.00515,
seq9:0.01289,(seq27:0.00258,seq8:0.00000):0.00515,((seq38:0.00515,
seq32:0.00773,seq24:0.00773,(seq28:0.00515,seq19:0.00000):0.00515,
seq17:0.00773):0.00258,seq7:0.00000):0.00258,seq5:0.00515):0.00387):0.01289,
((seq34:0.00000,seq26:0.02062):0.00129,(seq23:0.01289,(seq29:0.00773,
seq20:0.00258,(seq30:0.00258,seq18:0.00773,seq12:0.00515):0.00258,
((seq15:0.00773,seq6:0.00000):0.00258,seq4:0.00000):0.00773):0.00515):0.01160):0.00258):0.00258,
(seq3:0.00515,(seq31:0.00258,seq25:0.00258,seq13:0.00515,seq10:0.00000,
seq2:0.00258):0.00258):0.03222):0.00387,(seq35:0.00258,(seq36:0.00000,
seq1:0.00258):0.00515):0.00258):0.03222):0.02878):0.01117,GL:0.06873)[0.3333];
(seq11:0.03265,((seq39:0.02835,seq22:0.03351):0.03136,((seq37:0.01031,
seq33:0.00258):0.00902,(seq35:0.00258,(seq34:0.00000,seq26:0.02062,
((seq23:0.01289,(seq29:0.00773,seq20:0.00258,(seq30:0.00258,seq18:0.00773,
seq12:0.00515):0.00258,((seq15:0.00773,seq6:0.00000):0.00258,
seq4:0.00000):0.00773):0.00515):0.01031,((seq16:0.02320,(seq21:0.00515,
seq14:0.00515,seq9:0.01289,(seq27:0.00258,seq8:0.00000):0.00515,
((seq38:0.00515,seq32:0.00773,seq24:0.00773,(seq28:0.00515,seq19:0.00000):0.00515,
seq17:0.00773):0.00258,seq7:0.00000):0.00258,seq5:0.00515):0.00258):0.01289,
(seq3:0.00515,(seq31:0.00258,seq25:0.00258,seq13:0.00515,seq10:0.00000,
seq2:0.00258):0.00258):0.03351):0.00258):0.00258):0.00515,(seq36:0.00000,
seq1:0.00258):0.00515):0.03479):0.02878):0.01117,GL:0.06873)[0.3333];
