(seq8:0.01316,(((seq7:0.00526,seq6:0.00000):0.00263,seq5:0.00000,
seq4:0.00263,seq3:0.00263):0.00789,seq2:0.00263,seq1:0.00000):0.02368,
GL:0.22632);
