(seq8:0.01705,(seq10:0.01279,seq7:0.01023,seq5:0.00512,((seq12:0.00767,
seq11:0.00256):0.00512,seq4:0.00000,(seq6:0.01023,seq3:0.00000):0.00767):0.00256,
seq2:0.00000,(seq9:0.00767,seq1:0.01023):0.00256):0.00426,GL:0.10401);
