(((seq15:0.01309,seq14:0.01832):0.00262,seq11:0.01832):0.00262,
seq10:0.01047,seq6:0.00000,(seq3:0.00262,(seq9:0.00262,seq8:0.00524,
(seq5:0.00262,seq4:0.00262):0.01309,(seq12:0.00524,(seq13:0.00262,
seq7:0.00000):0.00524,seq2:0.00262):0.00524,seq1:0.00000):0.00262):0.00785,
GL:0.09162)[0.1667];
(((seq15:0.01309,seq14:0.01832):0.00262,seq11:0.01832):0.00262,
seq10:0.01047,seq6:0.00000,(seq3:0.00262,(seq9:0.00262,seq8:0.00524,
(seq5:0.00262,seq4:0.00262):0.01309,(seq12:0.00524,((seq13:0.00131,
seq7:0.00131):0.00524,seq2:0.00131):0.00131):0.00524,seq1:0.00000):0.00262):0.00785,
GL:0.09162)[0.1667];
((seq15:0.01222,seq14:0.02007):0.00436,(seq11:0.01832,seq10:0.00785):0.00262,
seq6:0.00000,(seq3:0.00262,(seq9:0.00262,seq8:0.00524,(seq5:0.00262,
seq4:0.00262):0.01309,(seq12:0.00524,(seq13:0.00262,seq7:0.00000):0.00524,
seq2:0.00262):0.00524,seq1:0.00000):0.00262):0.00785,GL:0.09162)[0.1667];
((((seq15:0.01309,seq14:0.01832):0.00393,seq11:0.01702):0.00262,
seq10:0.00916):0.00131,seq6:0.00000,(seq3:0.00262,(seq9:0.00262,
seq8:0.00524,(seq5:0.00262,seq4:0.00262):0.01309,(seq12:0.00524,
(seq13:0.00262,seq7:0.00000):0.00524,seq2:0.00262):0.00524,seq1:0.00000):0.00262):0.00785,
GL:0.09162)[0.1667];
(((seq15:0.01243,seq14:0.01963):0.00393,(seq11:0.01767,seq10:0.00851):0.00262):0.00065,
seq6:0.00000,(seq3:0.00262,(seq9:0.00262,seq8:0.00524,(seq5:0.00262,
seq4:0.00262):0.01309,(seq12:0.00524,(seq13:0.00262,seq7:0.00000):0.00524,
seq2:0.00262):0.00524,seq1:0.00000):0.00262):0.00785,GL:0.09162)[0.1667];
((((seq15:0.01309,seq14:0.01832):0.00393,seq11:0.01702):0.00262,
seq10:0.00916):0.00131,seq6:0.00000,(seq3:0.00262,(seq9:0.00262,
seq8:0.00524,(seq5:0.00262,seq4:0.00262):0.01309,(seq12:0.00524,
((seq13:0.00131,seq7:0.00131):0.00524,seq2:0.00131):0.00131):0.00524,
seq1:0.00000):0.00262):0.00785,GL:0.09162)[0.1667];
