((seq7:0.00268,seq3:0.00000,seq2:0.00804):0.02011,(((seq6:0.00804,
seq5:0.00536):0.01475,seq4:0.00670):0.00983,((seq9:0.00804,seq8:0.00804):0.00670,
seq1:0.03887):0.00447):0.00715,GL:0.03619)[0.2000];
((seq7:0.00268,seq3:0.00000,seq2:0.00804):0.01966,((seq9:0.00804,
seq8:0.00804):0.00626,(((seq6:0.00804,seq5:0.00536):0.01430,seq4:0.00715):0.01072,
seq1:0.03843):0.00357):0.00804,GL:0.03664)[0.2000];
((seq7:0.00268,seq3:0.00000,seq2:0.00804):0.02055,(((seq9:0.00938,
seq8:0.00670):0.00626,((seq6:0.00804,seq5:0.00536):0.01519,seq4:0.00626):0.00938):0.00670,
seq1:0.03753):0.00715,GL:0.03575)[0.2000];
((seq7:0.00268,seq3:0.00000,seq2:0.00804):0.02011,((seq9:0.00938,
(seq8:0.00670,((seq6:0.00804,seq5:0.00536):0.01609,seq4:0.00536):0.01206):0.00268):0.00715,
seq1:0.03798):0.00715,GL:0.03619)[0.2000];
((((seq9:0.00938,seq8:0.00670):0.00670,((seq6:0.00804,seq5:0.00536):0.01609,
seq4:0.00536):0.00871):0.00804,(seq7:0.00268,seq3:0.00000,seq2:0.00804):0.01944):0.00447,
seq1:0.04133,GL:0.03463)[0.2000];
