((seq11:0.00000,seq10:0.00528):0.00792,((seq16:0.00660,((seq31:0.00528,
seq28:0.00792,(seq25:0.01319,seq23:0.00264,seq21:0.00000):0.00264,
seq19:0.00264,seq7:0.00264):0.00528,seq6:0.00792,(seq22:0.00528,
seq18:0.00264,seq14:0.00264,(seq13:0.00000,seq12:0.00792):0.00264,
seq8:0.01055,(seq30:0.00264,seq29:0.00528,seq27:0.00264,seq26:0.00264,
seq24:0.00264,seq15:0.00000,(seq17:0.00792,seq5:0.00264):0.00264,
seq4:0.00792):0.00264,seq3:0.00000,(seq20:0.00000,seq2:0.00264):0.00264):0.00528):0.00396):0.00528,
(seq9:0.00264,(seq32:0.00792,seq1:0.00264):0.00264):0.01979):0.00396,
GL:0.10290)[0.1667];
((seq11:0.00000,seq10:0.00528):0.00792,(((seq31:0.00528,seq28:0.00792,
(seq25:0.01319,seq23:0.00264,seq21:0.00000):0.00264,seq19:0.00264,
seq7:0.00264):0.00264,(seq16:0.01055,seq6:0.00792,(seq22:0.00528,
seq18:0.00264,seq14:0.00264,(seq13:0.00000,seq12:0.00792):0.00264,
seq8:0.01055,(seq30:0.00264,seq29:0.00528,seq27:0.00264,seq26:0.00264,
seq24:0.00264,seq15:0.00000,(seq17:0.00792,seq5:0.00264):0.00264,
seq4:0.00792):0.00264,seq3:0.00000,(seq20:0.00000,seq2:0.00264):0.00264):0.00528):0.00264):0.00528,
(seq9:0.00264,(seq32:0.00792,seq1:0.00264):0.00264):0.02111):0.00264,
GL:0.10290)[0.1667];
((seq11:0.00000,seq10:0.00528):0.00792,(((seq31:0.00528,seq28:0.00792,
(seq25:0.01319,seq23:0.00264,seq21:0.00000):0.00264,seq19:0.00264,
seq7:0.00264):0.00396,(seq16:0.00923,(seq6:0.00792,(seq22:0.00528,
seq18:0.00264,seq14:0.00264,(seq13:0.00000,seq12:0.00792):0.00264,
seq8:0.01055,(seq30:0.00264,seq29:0.00528,seq27:0.00264,seq26:0.00264,
seq24:0.00264,seq15:0.00000,(seq17:0.00792,seq5:0.00264):0.00264,
seq4:0.00792):0.00264,seq3:0.00000,(seq20:0.00000,seq2:0.00264):0.00264):0.00528):0.00132):0.00264):0.00396,
(seq9:0.00264,(seq32:0.00792,seq1:0.00264):0.00264):0.02111):0.00264,
GL:0.10290)[0.1667];
((seq11:0.00000,seq10:0.00528):0.00792,((seq16:0.00792,((seq31:0.00528,
seq28:0.00792,(seq25:0.01319,seq23:0.00264,seq21:0.00000):0.00264,
seq19:0.00264,seq7:0.00264):0.00396,(seq6:0.00792,(seq22:0.00528,
seq18:0.00264,seq14:0.00264,(seq13:0.00000,seq12:0.00792):0.00264,
seq8:0.01055,(seq30:0.00264,seq29:0.00528,seq27:0.00264,seq26:0.00264,
seq24:0.00264,seq15:0.00000,(seq17:0.00792,seq5:0.00264):0.00264,
seq4:0.00792):0.00264,seq3:0.00000,(seq20:0.00000,seq2:0.00264):0.00264):0.00528):0.00132):0.00396):0.00396,
(seq9:0.00264,(seq32:0.00792,seq1:0.00264):0.00264):0.01979):0.00396,
GL:0.10290)[0.1667];
((seq11:0.00000,seq10:0.00528):0.00792,(((seq31:0.00528,seq28:0.00792,
(seq25:0.01319,seq23:0.00264,seq21:0.00000):0.00264,seq19:0.00264,
seq7:0.00264):0.00264,(seq6:0.00792,(seq22:0.00528,seq18:0.00264,
seq14:0.00264,(seq13:0.00000,seq12:0.00792):0.00264,seq8:0.01055,
(seq30:0.00264,seq29:0.00528,seq27:0.00264,seq26:0.00264,seq24:0.00264,
seq15:0.00000,(seq17:0.00792,seq5:0.00264):0.00264,seq4:0.00792):0.00264,
seq3:0.00000,(seq20:0.00000,seq2:0.00264):0.00264):0.00528):0.00264):0.00264,
(seq16:0.00792,(seq32:0.00792,seq9:0.00528,seq1:0.00264):0.02111):0.00264):0.00528,
GL:0.10290)[0.1667];
((seq11:0.00000,seq10:0.00528):0.00792,(((seq31:0.00528,seq28:0.00792,
(seq25:0.01319,seq23:0.00264,seq21:0.00000):0.00264,seq19:0.00264,
seq7:0.00264):0.00264,(seq6:0.00792,(seq22:0.00528,seq18:0.00264,
seq14:0.00264,(seq13:0.00000,seq12:0.00792):0.00264,seq8:0.01055,
(seq30:0.00264,seq29:0.00528,seq27:0.00264,seq26:0.00264,seq24:0.00264,
seq15:0.00000,(seq17:0.00792,seq5:0.00264):0.00264,seq4:0.00792):0.00264,
seq3:0.00000,(seq20:0.00000,seq2:0.00264):0.00264):0.00528):0.00264):0.00330,
(seq16:0.00858,(seq9:0.00396,(seq32:0.00792,seq1:0.00264):0.00198):0.01979):0.00264):0.00462,
GL:0.10290)[0.1667];
